,phase,phase_dot,stride_length,ramp,jointangles_thigh_x,jointangles_shank_x,jointangles_foot_x,jointangles_thigh_dot_x,jointangles_shank_dot_x,jointangles_foot_dot_x,Subject,Test
0,0.017915335336143378,0.03179950664412244,0.126843377742451,3.683577662619656,8.142286113323252,3.9531354354771038,5.211278614026049,23.162342643238645,23.63129768110568,43.09018537709543,AB01,NSL
1,0.019198388066322365,0.03678848675447696,0.11759080948918349,3.497905198680518,6.70278273807469,3.9684705008191825,4.5952004220969025,25.43976311279755,22.82637132948366,33.62154733127168,AB02,NSL
2,0.017372257288576585,0.0359212151689417,0.11324374243539242,3.5587311224543616,7.050757334347683,4.097523222686502,5.031283194018631,46.36279986973677,27.024357341942427,39.839077876996306,AB03,NSL
3,0.019843442056695186,0.041007917208727054,0.11262704285397648,3.5854038470313863,7.60744995558995,3.6307218522725573,4.477956392125366,40.26467847724501,23.740665969410458,41.73853923308177,AB04,NSL
4,0.020225583897622607,0.04331904164756994,0.10044285483695531,3.3248772452554394,5.720375223785118,4.143174175120065,5.093973193787058,24.499410599353357,26.92348218400646,52.64545271176852,AB05,NSL
5,0.016896471129944704,0.03905590488719337,0.1069645051010551,3.32593592936236,6.659231483705944,3.7685489602121836,5.165298746889903,23.612131625191644,27.549271824407786,41.46540602678356,AB06,NSL
6,0.01360057591368524,0.03068399569202403,0.11963407828161658,3.245727990917467,6.275704969829606,4.8610699535784105,4.017892764495594,22.955750056162657,26.24400593194968,34.48746850661777,AB07,NSL
7,0.02068258856620237,0.0415983986132667,0.1240791388319305,3.6496956565294627,12.085734662719444,4.012546487457889,5.3417073549571485,28.472670067887716,27.69091050655252,43.75628004766595,AB08,NSL
8,0.019110509651077735,0.03789446645119577,0.10481185659581205,3.8123292807642573,7.603451866196769,5.275344393175714,5.029058683262524,22.635079292908003,26.607442306371734,43.7385964317626,AB09,NSL
9,0.018912344527295552,0.04589691869288831,0.09021083986451238,3.147106306042513,8.02333133429254,4.435102720901001,5.024805467740445,24.66010220706429,26.605153656283946,49.9116867097321,AB10,NSL
10,0.02044396380095359,0.03197282434629483,0.14391130262335314,3.6405002755756084,14.984816242102518,5.955844164697657,5.8195261700022884,24.81625851954234,27.136714675016453,43.54557386990188,AB01,ISA
11,0.021637635776684077,0.03719476789322871,0.1335605697697254,3.888012624274575,11.557294074698694,4.053071282069255,4.796419423458381,26.825830467029256,25.068126535331903,36.23623846494336,AB02,ISA
12,0.020348022217308588,0.03698954552321923,0.16014624497591445,3.5624368529252015,7.591986687879073,5.0022594899946515,5.088421356820775,50.49849450548899,31.819882549947796,45.60933320558958,AB03,ISA
13,0.01904407577815311,0.04170729044514982,0.13866790923907324,4.289687929291666,25.411464179141984,5.2700940245957835,7.61878466886679,42.22917077284664,30.352035018166568,49.54514999586728,AB04,ISA
14,0.019617451228286873,0.042610796521037504,0.10175636691605662,4.028623546555518,13.159260555812958,4.656486616341609,7.5856180179869765,27.948288353514684,28.98670440335065,52.13955707484912,AB05,ISA
15,0.016667335888663093,0.03868332479604528,0.11647807407285002,3.372261061071529,10.15048865387482,3.7404237293835436,4.656020457287369,25.158602914236166,30.608117093211376,44.31565453329108,AB06,ISA
16,0.25163007668606097,0.7046628412076057,0.5338190620654724,7.0423652281371805,23.309101548496002,25.245891849960763,22.481164024499908,82.55345489572942,126.11388901218228,153.35739476669153,AB07,ISA
17,0.019611185843264527,0.040112183197061904,0.11254156726881441,3.4029557912627535,13.205425694403399,3.6818227687424887,5.22499708039747,29.389706727493053,28.79700882788005,44.663904432003626,AB08,ISA
18,0.019702257860228816,0.03821130219986742,0.13395455413213705,3.70324778269003,6.664321336507058,4.634460747197463,4.431675750679448,23.303861572971144,26.300553639127045,43.59941091992455,AB09,ISA
19,0.10778426287059738,0.2525884910166484,0.19319097672871655,6.4570530658170595,12.613875572718854,12.072888165271369,11.646810099179456,41.67251411216904,67.32656976985764,94.39954109807506,AB10,ISA
